ABC123;815;2;14;8
JKL456;930;5;15;9
MNO789;1015;0;17;8
WXY321;1140;4;3;10
DEF999;1230;1;6;8
GHI888;1305;3;10;8
TUV777;1345;2;1;9
QRS555;1410;5;4;8
LMN444;1500;0;2;11
PQR333;1530;4;6;8
STU222;1605;1;1;8
VWX111;1630;3;7;10
BCD101;1700;2;6;8
EFG202;1715;5;0;9
HIJ303;1730;0;4;8
KLM404;1745;4;1;8
NOP505;1800;1;13;9
QWE606;1815;9;15;8
RTY707;1830;2;0;10
UIO808;1845;5;7;8
PAS909;1900;0;0;8
DFG010;1915;4;15;9
HJK111;1930;6;7;8
LZX222;1945;3;2;10
CVB333;2000;2;3;8
NMK444;2015;5;2;8
PLM555;2030;0;6;9
OKI666;2045;7;17;8
JUN777;2100;1;5;10
MKI888;2115;8;4;8
JKM2143;1252;2;15;3
NAMI123;1200;9;3;2
IPAN123;1200;1;0;2